negate: 0
resolution: 1.0
image: img2.jpg
origin: [0.000000, 0.000000, 0.000000]
occupied_thresh: 0.65
free_thresh: 0.196

